4611686018427387894
9223372036854775788
13835058055282163682
18446744073709551576
4611686018427387854
9223372036854775748
13835058055282163642
18446744073709551536
4611686018427387814
9223372036854775708
13835058055282163602
18446744073709551496
4611686018427387774
9223372036854775668
13835058055282163562
18446744073709551456
4611686018427387734
9223372036854775628
13835058055282163522
18446744073709551416
4611686018427387694
9223372036854775588
13835058055282163482
18446744073709551376
4611686018427387654
9223372036854775548
13835058055282163442
18446744073709551336
4611686018427387614
9223372036854775508
13835058055282163402
18446744073709551296
4611686018427387574
9223372036854775468
13835058055282163362
18446744073709551256
4611686018427387534
9223372036854775428
13835058055282163322
18446744073709551216
4611686018427387494
9223372036854775388
13835058055282163282
18446744073709551176
4611686018427387454
9223372036854775348
13835058055282163242
18446744073709551136
4611686018427387414
9223372036854775308
13835058055282163202
18446744073709551096
4611686018427387374
9223372036854775268
13835058055282163162
18446744073709551056
4611686018427387334
9223372036854775228
13835058055282163122
18446744073709551016
4611686018427387294
9223372036854775188
13835058055282163082
18446744073709550976
4611686018427387254
9223372036854775148
13835058055282163042
18446744073709550936
4611686018427387214
9223372036854775108
13835058055282163002
18446744073709550896
4611686018427387174
9223372036854775068
13835058055282162962
18446744073709550856
4611686018427387134
9223372036854775028
13835058055282162922
18446744073709550816
4611686018427387094
9223372036854774988
13835058055282162882
18446744073709550776
4611686018427387054
9223372036854774948
13835058055282162842
18446744073709550736
4611686018427387014
9223372036854774908
13835058055282162802
18446744073709550696
4611686018427386974
9223372036854774868
13835058055282162762
18446744073709550656
4611686018427386934
9223372036854774828
13835058055282162722
